[7.jpg]
filters=Soften=1,46.783627,5.847953;
moddate=12a3ebbee0f0d201
width=3840
height=2160
textactive=0
